0 0 0 0 0 0 0 0 0 0 0 0 0 0 0 0 0 0 0 0 0 
0 1 2 3 4 5 6 7 8 9 10 11 12 13 14 15 16 17 18 19 20 
0 2 3 1 8 10 11 9 12 14 15 13 4 6 7 5 32 34 35 33 40 
0 3 1 2 12 15 13 14 4 7 5 6 8 11 9 10 48 51 49 50 60 
0 4 8 12 6 2 14 10 11 15 3 7 13 9 5 1 64 68 72 76 70 
0 5 10 15 2 7 8 13 3 6 9 12 1 4 11 14 80 85 90 95 82 
0 6 11 13 14 8 5 3 7 1 12 10 9 15 2 4 96 102 107 109 110 
0 7 9 14 10 13 3 4 15 8 6 1 5 2 12 11 112 119 121 126 122 
0 8 12 4 11 3 7 15 13 5 1 9 6 14 10 2 128 136 140 132 139 
0 9 14 7 15 6 1 8 5 12 11 2 10 3 4 13 144 153 158 151 159 
0 10 15 5 3 9 12 6 1 11 14 4 2 8 13 7 160 170 175 165 163 
0 11 13 6 7 12 10 1 9 2 4 15 14 5 3 8 176 187 189 182 183 
0 12 4 8 13 1 9 5 6 10 2 14 11 7 15 3 192 204 196 200 205 
0 13 6 11 9 4 15 2 14 3 8 5 7 10 1 12 208 221 214 219 217 
0 14 7 9 5 11 2 12 10 4 13 3 15 1 8 6 224 238 231 233 229 
0 15 5 10 1 14 4 11 2 13 7 8 3 12 6 9 240 255 245 250 241 
0 16 32 48 64 80 96 112 128 144 160 176 192 208 224 240 24 8 56 40 88 
0 17 34 51 68 85 102 119 136 153 170 187 204 221 238 255 8 25 42 59 76 
0 18 35 49 72 90 107 121 140 158 175 189 196 214 231 245 56 42 27 9 112 
0 19 33 50 76 95 109 126 132 151 165 182 200 219 233 250 40 59 9 26 100 
0 20 40 60 70 82 110 122 139 159 163 183 205 217 229 241 88 76 112 100 30 
0 21 42 63 66 87 104 125 131 150 169 188 193 212 235 254 72 93 98 119 10 
0 22 43 61 78 88 101 115 135 145 172 186 201 223 226 244 120 110 83 69 54 
0 23 41 62 74 93 99 116 143 152 166 177 197 210 236 251 104 127 65 86 34 
0 24 44 52 75 83 103 127 141 149 161 185 198 222 234 242 152 128 180 172 211 
0 25 46 55 79 86 97 120 133 156 171 178 202 211 228 253 136 145 166 191 199 
0 26 47 53 67 89 108 118 129 155 174 180 194 216 237 247 184 162 151 141 251 
0 27 45 54 71 92 106 113 137 146 164 191 206 213 227 248 168 179 133 158 239 
0 28 36 56 77 81 105 117 134 154 162 190 203 215 239 243 216 196 252 224 149 
0 29 38 59 73 84 111 114 142 147 168 181 199 218 225 252 200 213 238 243 129 
0 30 39 57 69 91 98 124 138 148 173 179 207 209 232 246 248 230 223 193 189 
0 31 37 58 65 94 100 123 130 157 167 184 195 220 230 249 232 247 205 210 169 
0 32 48 16 128 160 176 144 192 224 240 208 64 96 112 80 44 12 28 60 172 
0 33 50 19 132 165 182 151 200 233 250 219 76 109 126 95 60 29 14 47 184 
0 34 51 17 136 170 187 153 204 238 255 221 68 102 119 85 12 46 63 29 132 
0 35 49 18 140 175 189 158 196 231 245 214 72 107 121 90 28 63 45 14 144 
0 36 56 28 134 162 190 154 203 239 243 215 77 105 117 81 108 72 84 112 234 
0 37 58 31 130 167 184 157 195 230 249 220 65 100 123 94 124 89 70 99 254 
0 38 59 29 142 168 181 147 199 225 252 218 73 111 114 84 76 106 119 81 194 
0 39 57 30 138 173 179 148 207 232 246 209 69 98 124 91 92 123 101 66 214 
0 40 60 20 139 163 183 159 205 229 241 217 70 110 122 82 172 132 144 184 39 
0 41 62 23 143 166 177 152 197 236 251 210 74 99 116 93 188 149 130 171 51 
0 42 63 21 131 169 188 150 193 235 254 212 66 104 125 87 140 166 179 153 15 
0 43 61 22 135 172 186 145 201 226 244 223 78 101 115 88 156 183 161 138 27 
0 44 52 24 141 161 185 149 198 234 242 222 75 103 127 83 236 192 216 244 97 
0 45 54 27 137 164 191 146 206 227 248 213 71 106 113 92 252 209 202 231 117 
0 46 55 25 133 171 178 156 202 228 253 211 79 97 120 86 204 226 251 213 73 
0 47 53 26 129 174 180 155 194 237 247 216 67 108 118 89 220 243 233 198 93 
0 48 16 32 192 240 208 224 64 112 80 96 128 176 144 160 52 4 36 20 244 
0 49 18 35 196 245 214 231 72 121 90 107 140 189 158 175 36 21 54 7 224 
0 50 19 33 200 250 219 233 76 126 95 109 132 182 151 165 20 38 7 53 220 
0 51 17 34 204 255 221 238 68 119 85 102 136 187 153 170 4 55 21 38 200 
0 52 24 44 198 242 222 234 75 127 83 103 141 185 149 161 116 64 108 88 178 
0 53 26 47 194 247 216 237 67 118 89 108 129 180 155 174 100 81 126 75 166 
0 54 27 45 206 248 213 227 71 113 92 106 137 191 146 164 84 98 79 121 154 
0 55 25 46 202 253 211 228 79 120 86 97 133 178 156 171 68 115 93 106 142 
0 56 28 36 203 243 215 239 77 117 81 105 134 190 154 162 180 140 168 144 127 
0 57 30 39 207 246 209 232 69 124 91 98 138 179 148 173 164 157 186 131 107 
0 58 31 37 195 249 220 230 65 123 94 100 130 184 157 167 148 174 139 177 87 
0 59 29 38 199 252 218 225 73 114 84 111 142 181 147 168 132 191 153 162 67 
0 60 20 40 205 241 217 229 70 122 82 110 139 183 159 163 244 200 224 220 57 
0 61 22 43 201 244 223 226 78 115 88 101 135 186 145 172 228 217 242 207 45 
0 62 23 41 197 251 210 236 74 116 93 99 143 177 152 166 212 234 195 253 17 
0 63 21 42 193 254 212 235 66 125 87 104 131 188 150 169 196 251 209 238 5 
0 64 128 192 96 32 224 160 176 240 48 112 208 144 80 16 75 11 203 139 43 
0 65 130 195 100 37 230 167 184 249 58 123 220 157 94 31 91 26 217 152 63 
0 66 131 193 104 42 235 169 188 254 63 125 212 150 87 21 107 41 232 170 3 
0 67 129 194 108 47 237 174 180 247 53 118 216 155 89 26 123 56 250 185 23 
0 68 136 204 102 34 238 170 187 255 51 119 221 153 85 17 11 79 131 199 109 
0 69 138 207 98 39 232 173 179 246 57 124 209 148 91 30 27 94 145 212 121 
0 70 139 205 110 40 229 163 183 241 60 122 217 159 82 20 43 109 160 230 69 
0 71 137 206 106 45 227 164 191 248 54 113 213 146 92 27 59 124 178 245 81 
0 72 140 196 107 35 231 175 189 245 49 121 214 158 90 18 203 131 71 15 160 
0 73 142 199 111 38 225 168 181 252 59 114 218 147 84 29 219 146 85 28 180 
0 74 143 197 99 41 236 166 177 251 62 116 210 152 93 23 235 161 100 46 136 
0 75 141 198 103 44 234 161 185 242 52 127 222 149 83 24 251 176 118 61 156 
0 76 132 200 109 33 233 165 182 250 50 126 219 151 95 19 139 199 15 67 230 
0 77 134 203 105 36 239 162 190 243 56 117 215 154 81 28 155 214 29 80 242 
0 78 135 201 101 43 226 172 186 244 61 115 223 145 88 22 171 229 44 98 206 
0 79 133 202 97 46 228 171 178 253 55 120 211 156 86 25 187 244 62 113 218 
0 80 160 240 32 112 128 208 48 96 144 192 16 64 176 224 83 3 243 163 115 
0 81 162 243 36 117 134 215 56 105 154 203 28 77 190 239 67 18 225 176 103 
0 82 163 241 40 122 139 217 60 110 159 205 20 70 183 229 115 33 208 130 91 
0 83 161 242 44 127 141 222 52 103 149 198 24 75 185 234 99 48 194 145 79 
0 84 168 252 38 114 142 218 59 111 147 199 29 73 181 225 19 71 187 239 53 
0 85 170 255 34 119 136 221 51 102 153 204 17 68 187 238 3 86 169 252 33 
0 86 171 253 46 120 133 211 55 97 156 202 25 79 178 228 51 101 152 206 29 
0 87 169 254 42 125 131 212 63 104 150 193 21 66 188 235 35 116 138 221 9 
0 88 172 244 43 115 135 223 61 101 145 201 22 78 186 226 211 139 127 39 248 
0 89 174 247 47 118 129 216 53 108 155 194 26 67 180 237 195 154 109 52 236 
0 90 175 245 35 121 140 214 49 107 158 196 18 72 189 231 243 169 92 6 208 
0 91 173 246 39 124 138 209 57 98 148 207 30 69 179 232 227 184 78 21 196 
0 92 164 248 45 113 137 213 54 106 146 206 27 71 191 227 147 207 55 107 190 
0 93 166 251 41 116 143 210 62 99 152 197 23 74 177 236 131 222 37 120 170 
0 94 167 249 37 123 130 220 58 100 157 195 31 65 184 230 179 237 20 74 150 
0 95 165 250 33 126 132 219 50 109 151 200 19 76 182 233 163 252 6 89 130 
0 96 176 208 224 128 80 48 112 16 192 160 144 240 32 64 103 7 215 183 135 
0 97 178 211 228 133 86 55 120 25 202 171 156 253 46 79 119 22 197 164 147 
0 98 179 209 232 138 91 57 124 30 207 173 148 246 39 69 71 37 244 150 175 
0 99 177 210 236 143 93 62 116 23 197 166 152 251 41 74 87 52 230 133 187 
0 100 184 220 230 130 94 58 123 31 195 167 157 249 37 65 39 67 159 251 193 
