2 4 6 10 16 26 42 68 110 178 288 466 754 1220 
4 16 36 100 256 676 1764 4624 12100 31684 82944 217156 568516 1488400 
6 36 32 44 64 104 164 264 424 684 1104 1784 2884 4664 
10 100 44 18 14 14 14 14 14 14 14 14 14 14 
16 256 64 14 8 8 8 8 8 8 8 8 8 8 
26 676 104 14 8 8 8 8 8 8 8 8 8 8 
42 1764 164 14 8 8 8 8 8 8 8 8 8 8 
68 4624 264 14 8 8 8 8 8 8 8 8 8 8 
110 12100 424 14 8 8 8 8 8 8 8 8 8 8 
178 31684 684 14 8 8 8 8 8 8 8 8 8 8 
288 82944 1104 14 8 8 8 8 8 8 8 8 8 8 
466 217156 1784 14 8 8 8 8 8 8 8 8 8 8 
754 568516 2884 14 8 8 8 8 8 8 8 8 8 8 
1220 1488400 4664 14 8 8 8 8 8 8 8 8 8 8 
